id;doctorId;patientId;description;endDate;used
512;0501;123456789123;bol;2021,05,14,12,00,00;True
531;0501;123456789123;idi leci se;2021,05,14,12,00,00;True
1;0501;1243999081010;Kardiologija;2021,05,10,10,00,00;True
786;0501;123456789124;bol;2021,05,15,12,00,00;True
781;0501;123456789124;;2021,05,13,12,00,00;True
288;0501;123456789124;bol opet;2021,05,20,12,00,00;False
240;0501;123456789124;bol;2021,05,13,12,00,00;True
505;0501;1243999081010;bol;2021,05,15,12,00,00;True
730;0501;1243999081010;bol;2021,05,22,12,00,00;True
